ID=111, Name=11, Age=11, Job=11, Salary=111.000000
ID=23, Name=98, Age=2398, Job=2398, Salary=23.098000
