ID=233, Name=wang sd, Age=36, Job=36, Salary=36.299999
ID=44, Name=11, Age=44, Job=45, Salary=555.000000
